Wavelength    uW/cm^2/nm    umol/m2
380	0.0020040	
381	0.0003718	
382	0.0009899	
383	0.0004931	
384	0.0009471	
385	0.0008826	
386	0.0003634	
387	0.0008714	
388	0.0002295	
389	0.0004534	
390	0.0007026	0.0000069
391	0.0006281	0.0000066
392	0.0006555	0.0000073
393	0.0009614	0.0000114
394	0.0006171	0.0000077
395	0.0008234	0.0000108
396	0.0005141	0.0000071
397	0.0001442	0.0000021
398	0.0010829	0.0000164
399	0.0006599	0.0000105
400	0.0004827	0.0000081
401	-0.0001145	-0.0000020
402	0.0011209	0.0000206
403	0.0008778	0.0000169
404	0.0000845	0.0000017
405	0.0008562	0.0000181
406	0.0001451	0.0000032
407	0.0006924	0.0000159
408	0.0009242	0.0000221
409	0.0007311	0.0000181
410	0.0008742	0.0000225
411	0.0003229	0.0000086
412	0.0008389	0.0000230
413	0.0002107	0.0000060
414	0.0008687	0.0000253
415	0.0005308	0.0000158
416	0.0006108	0.0000187
417	0.0003939	0.0000123
418	-0.0000657	-0.0000021
419	0.0008441	0.0000274
420	0.0009896	0.0000327
421	0.0002713	0.0000091
422	0.0007359	0.0000250
423	-0.0000139	-0.0000005
424	0.0007794	0.0000270
425	0.0008810	0.0000308
426	-0.0000977	-0.0000034
427	0.0007380	0.0000262
428	0.0006009	0.0000214
429	0.0006322	0.0000226
430	0.0002418	0.0000087
431	0.0009056	0.0000326
432	0.0009302	0.0000336
433	0.0008407	0.0000304
434	0.0007435	0.0000269
435	0.0007017	0.0000254
436	0.0009933	0.0000359
437	0.0007885	0.0000285
438	0.0009336	0.0000337
439	0.0008736	0.0000315
440	0.0010093	0.0000364
441	0.0008394	0.0000302
442	0.0009248	0.0000333
443	0.0008510	0.0000306
444	0.0007830	0.0000281
445	0.0005222	0.0000187
446	0.0012361	0.0000443
447	0.0008248	0.0000295
448	0.0011488	0.0000411
449	0.0007115	0.0000254
450	0.0010412	0.0000372
451	0.0008285	0.0000296
452	0.0012227	0.0000437
453	0.0008703	0.0000311
454	0.0012841	0.0000459
455	0.0006527	0.0000233
456	0.0009336	0.0000334
457	0.0016547	0.0000591
458	0.0011593	0.0000414
459	0.0015234	0.0000545
460	0.0010074	0.0000360
461	0.0012775	0.0000457
462	0.0014591	0.0000522
463	0.0017463	0.0000625
464	0.0011436	0.0000409
465	0.0015193	0.0000544
466	0.0012367	0.0000442
467	0.0017127	0.0000613
468	0.0011882	0.0000425
469	0.0011079	0.0000396
470	0.0020590	0.0000736
471	0.0015447	0.0000552
472	0.0012435	0.0000444
473	0.0020229	0.0000723
474	0.0016269	0.0000581
475	0.0017603	0.0000628
476	0.0011936	0.0000425
477	0.0017699	0.0000629
478	0.0018969	0.0000673
479	0.0011457	0.0000406
480	0.0019371	0.0000684
481	0.0018397	0.0000647
482	0.0017629	0.0000618
483	0.0021862	0.0000763
484	0.0018018	0.0000625
485	0.0026309	0.0000908
486	0.0021340	0.0000731
487	0.0017386	0.0000592
488	0.0016791	0.0000567
489	0.0024302	0.0000814
490	0.0025144	0.0000834
491	0.0023253	0.0000764
492	0.0022823	0.0000742
493	0.0025582	0.0000823
494	0.0021351	0.0000679
495	0.0020734	0.0000651
496	0.0026313	0.0000815
497	0.0025656	0.0000784
498	0.0025609	0.0000772
499	0.0031251	0.0000928
500	0.0033144	0.0000970
501	0.0028457	0.0000820
502	0.0036177	0.0001026
503	0.0034631	0.0000965
504	0.0031734	0.0000869
505	0.0034945	0.0000940
506	0.0031109	0.0000821
507	0.0039065	0.0001011
508	0.0032788	0.0000832
509	0.0035624	0.0000885
510	0.0042982	0.0001044
511	0.0041517	0.0000986
512	0.0033242	0.0000771
513	0.0031695	0.0000717
514	0.0042057	0.0000928
515	0.0038786	0.0000835
516	0.0035759	0.0000751
517	0.0042754	0.0000876
518	0.0042570	0.0000852
519	0.0045106	0.0000882
520	0.0037769	0.0000722
521	0.0043929	0.0000824
522	0.0043831	0.0000807
523	0.0043024	0.0000779
524	0.0045971	0.0000820
525	0.0045607	0.0000803
526	0.0043477	0.0000756
527	0.0051743	0.0000891
528	0.0056092	0.0000957
529	0.0056416	0.0000956
530	0.0057772	0.0000973
531	0.0052726	0.0000882
532	0.0054348	0.0000905
533	0.0059106	0.0000981
534	0.0068313	0.0001131
535	0.0056210	0.0000929
536	0.0071348	0.0001179
537	0.0064699	0.0001070
538	0.0070014	0.0001160
539	0.0068166	0.0001133
540	0.0069498	0.0001161
541	0.0063308	0.0001064
542	0.0063476	0.0001075
543	0.0073101	0.0001248
544	0.0067259	0.0001158
545	0.0073667	0.0001281
546	0.0076003	0.0001336
547	0.0076744	0.0001363
548	0.0073815	0.0001326
549	0.0080992	0.0001472
550	0.0080900	0.0001488
551	0.0088205	0.0001641
552	0.0079590	0.0001498
553	0.0088879	0.0001692
554	0.0087197	0.0001679
555	0.0090838	0.0001770
556	0.0089855	0.0001771
557	0.0092362	0.0001841
558	0.0097176	0.0001958
559	0.0096610	0.0001968
560	0.0104600	0.0002154
561	0.0100969	0.0002102
562	0.0106893	0.0002250
563	0.0106495	0.0002266
564	0.0109628	0.0002357
565	0.0108386	0.0002355
566	0.0113044	0.0002482
567	0.0113338	0.0002514
568	0.0121590	0.0002725
569	0.0115514	0.0002615
570	0.0110330	0.0002523
571	0.0114648	0.0002649
572	0.0126911	0.0002961
573	0.0122582	0.0002889
574	0.0131674	0.0003134
575	0.0132685	0.0003189
576	0.0132798	0.0003222
577	0.0136922	0.0003355
578	0.0140278	0.0003470
579	0.0143319	0.0003579
580	0.0140934	0.0003553
581	0.0148186	0.0003771
582	0.0160999	0.0004136
583	0.0158431	0.0004108
584	0.0155467	0.0004068
585	0.0157643	0.0004163
586	0.0154776	0.0004125
587	0.0162575	0.0004372
588	0.0152139	0.0004128
589	0.0151152	0.0004138
590	0.0161858	0.0004470
591	0.0157667	0.0004393
592	0.0172286	0.0004843
593	0.0173384	0.0004916
594	0.0172330	0.0004929
595	0.0176726	0.0005098
596	0.0177002	0.0005150
597	0.0194945	0.0005721
598	0.0190310	0.0005632
599	0.0191525	0.0005716
600	0.0193411	0.0005820
601	0.0195609	0.0005936
602	0.0214238	0.0006555
603	0.0205987	0.0006354
604	0.0223471	0.0006950
605	0.0220836	0.0006925
606	0.0223920	0.0007078
607	0.0222729	0.0007097
608	0.0229448	0.0007370
609	0.0231575	0.0007498
610	0.0224431	0.0007324
611	0.0218269	0.0007179
612	0.0239240	0.0007931
613	0.0238534	0.0007969
614	0.0249809	0.0008411
615	0.0237220	0.0008049
616	0.0241604	0.0008261
617	0.0247735	0.0008535
618	0.0253511	0.0008801
619	0.0259512	0.0009078
620	0.0266020	0.0009375
621	0.0260819	0.0009261
622	0.0259949	0.0009299
623	0.0268733	0.0009685
624	0.0265645	0.0009645
625	0.0268742	0.0009829
626	0.0280566	0.0010336
627	0.0280610	0.0010413
628	0.0282919	0.0010575
629	0.0296685	0.0011170
630	0.0301823	0.0011445
631	0.0299921	0.0011453
632	0.0303857	0.0011686
633	0.0307377	0.0011905
634	0.0303795	0.0011849
635	0.0319887	0.0012564
636	0.0314677	0.0012446
637	0.0335460	0.0013360
638	0.0339639	0.0013621
639	0.0340787	0.0013761
640	0.0348486	0.0014169
641	0.0336380	0.0013771
642	0.0343466	0.0014157
643	0.0353940	0.0014688
644	0.0360088	0.0015044
645	0.0367845	0.0015472
646	0.0358122	0.0015164
647	0.0361401	0.0015405
648	0.0372507	0.0015984
649	0.0372871	0.0016104
650	0.0381317	0.0016575
651	0.0388466	0.0016995
652	0.0388124	0.0017086
653	0.0398175	0.0017635
654	0.0395801	0.0017632
655	0.0363995	0.0016305
656	0.0364392	0.0016409
657	0.0380678	0.0017225
658	0.0423924	0.0019267
659	0.0419941	0.0019163
660	0.0434995	0.0019920
661	0.0452564	0.0020784
662	0.0458807	0.0021121
663	0.0461972	0.0021304
664	0.0464351	0.0021440
665	0.0482025	0.0022271
666	0.0472566	0.0021834
667	0.0476444	0.0022001
668	0.0478298	0.0022060
669	0.0496186	0.0022844
670	0.0475973	0.0021860
671	0.0507833	0.0023252
672	0.0506608	0.0023111
673	0.0516959	0.0023480
674	0.0516207	0.0023329
675	0.0521757	0.0023446
676	0.0535051	0.0023889
677	0.0536625	0.0023790
678	0.0535600	0.0023558
679	0.0539043	0.0023507
680	0.0536232	0.0023166
681	0.0561987	0.0024033
682	0.0554795	0.0023466
683	0.0554134	0.0023162
684	0.0556091	0.0022950
685	0.0546087	0.0022233
686	0.0465957	0.0018697
687	0.0467484	0.0018470
688	0.0470991	0.0018305
689	0.0498975	0.0019057
690	0.0538652	0.0020195
691	0.0535281	0.0019679
692	0.0564638	0.0020334
693	0.0581489	0.0020489
694	0.0582852	0.0020071
695	0.0601132	0.0020207
696	0.0616727	0.0020213
697	0.0641685	0.0020481
698	0.0644177	0.0019997
699	0.0626586	0.0018895
700	0.0638675	0.0018686
701	0.0635304	0.0018011
702	0.0650477	0.0017848
703	0.0688687	0.0018265
704	0.0684479	0.0017525
705	0.0687376	0.0016969
706	0.0710197	0.0016883
707	0.0718731	0.0016433
708	0.0732640	0.0016090
709	0.0742470	0.0015642
710	0.0763010	0.0015397
711	0.0749183	0.0014458
712	0.0752689	0.0013867
713	0.0739403	0.0012975
714	0.0774277	0.0012908
715	0.0741576	0.0011706
716	0.0708912	0.0010550
717	0.0646037	0.0009012
718	0.0608714	0.0007899
719	0.0632734	0.0007558
720	0.0672623	0.0007287
721	0.0718211	
722	0.0741232	
723	0.0714865	
724	0.0718063	
725	0.0722947	
726	0.0734450	
727	0.0745913	
728	0.0725609	
729	0.0748962	
730	0.0778253	
731	0.0815283	
732	0.0850768	
733	0.0886079	
734	0.0912687	
735	0.0913174	
736	0.0944093	
737	0.0935062	
738	0.0944867	
739	0.0963865	
740	0.0976264	
741	0.0973923	
742	0.0987958	
743	0.1058694	
744	0.1041095	
745	0.1039583	
746	0.1085338	
747	0.1066893	
748	0.1086557	
749	0.1100938	
750	0.1086864	
751	0.1097285	
752	0.1139406	
753	0.1148101	
754	0.1163067	
755	0.1172553	
756	0.1179998	
757	0.1157634	
758	0.0992455	
759	0.0720890	
760	0.0464540	
761	0.0456035	
762	0.0499556	
763	0.0550659	
764	0.0655103	
765	0.0793662	
766	0.0925295	
767	0.1108280	
768	0.1162949	
769	0.1205812	
770	0.1281845	
771	0.1276400	
772	0.1298038	
773	0.1304764	
774	0.1299009	
775	0.1345193	
776	0.1370001	
777	0.1401955	
778	0.1376558	
779	0.1400669	
780	0.1402832	
781	0.1434843	
782	0.1388172	
783	0.1404041	
784	0.1435202	
785	0.1462840	
786	0.1466427	
787	0.1459250	
788	0.1442993	
789	0.1464878	
790	0.1455023	
791	0.1444580	
792	0.1466763	
793	0.1459053	
794	0.1460278	
795	0.1508908	
796	0.1521341	
797	0.1544326	
798	0.1562434	
799	0.1588138	
800	0.1587846	
801	0.1589433	
802	0.1551841	
803	0.1586353	
804	0.1578242	
805	0.1583703	
806	0.1604063	
807	0.1646439	
808	0.1667501	
809	0.1666606	
810	0.1641139	
811	0.1604135	
812	0.1558683	
813	0.1538821	
814	0.1482409	
815	0.1374470	
816	0.1309549	
817	0.1374142	
818	0.1366220	
819	0.1397351	
820	0.1540265	
821	0.1561901	
822	0.1452431	
823	0.1396295	
824	0.1486101	
825	0.1646837	
826	0.1658761	
827	0.1665935	
828	0.1639408	
829	0.1603675	
830	0.1654934	
831	0.1663248	
832	0.1676679	
833	0.1730557	
834	0.1738660	
835	0.1807444	
836	0.1839001	
837	0.1870225	
838	0.1886976	
839	0.1841657	
840	0.1989992	
841	0.2001890	
842	0.2016653	
843	0.2022985	
844	0.2037501	
845	0.2100877	
846	0.2097698	
847	0.2050427	
848	0.2132834	
849	0.2047149	
850	0.1963158	
851	0.2098029	
852	0.2070186	
853	0.1976517	
854	0.1865073	
855	0.1997600	
856	0.1987764	
857	0.2197930	
858	0.2196832	
859	0.2257106	
860	0.2166945	
861	0.2228260	
862	0.2255471	
863	0.2281055	
864	0.2223468	
865	0.2189619	
866	0.2104690	
867	0.2116573	
868	0.2282221	
869	0.2292491	
870	0.2340450	
871	0.2337854	
872	0.2394090	
873	0.2363535	
874	0.2411530	
875	0.2331715	
876	0.2388671	
877	0.2415731	
878	0.2387970	
879	0.2438710	
880	0.2435513	
881	0.2420035	
882	0.2458311	
883	0.2486810	
884	0.2488470	
885	0.2410521	
886	0.2560484	
887	0.2543771	
888	0.2510199	
889	0.2576356	
890	0.2553211	
891	0.2467152	
892	0.2566032	
893	0.2452525	
894	0.2385577	
895	0.2250567	
896	0.2116170	
897	0.2102646	
898	0.1974404	
899	0.1939196	
900	0.1898569	
901	0.1918118	
902	0.2088730	
903	0.2197170	
904	0.2258440	
905	0.2320319	
906	0.2359133	
907	0.2117217	
908	0.2138868	
909	0.2047146	
910	0.2012464	
911	0.2187670	
912	0.2137865	
913	0.2054789	
914	0.2042551	
915	0.1990308	
916	0.2054790	
917	0.2032640	
918	0.2253476	
919	0.2258262	
920	0.2423464	
921	0.2355244	
922	0.2363934	
923	0.2328451	
924	0.2391265	
925	0.2296643	
926	0.2427058	
927	0.2257821	
928	0.2157687	
929	0.1947830	
930	0.1659006	
931	0.1366670	
932	0.1201599	
933	0.1046768	
934	0.0947915	
935	0.1034204	
936	0.0864428	
937	0.0941881	
938	0.1059415	
939	0.1254825	
940	0.1441221	
941	0.1258366	
942	0.1456362	
943	0.1176540	
944	0.1378561	
945	0.1136531	
946	0.1280733	
947	0.1320057	
948	0.1439675	
949	0.1375112	
950	0.1370124	
951	0.1512422	
952	0.1315317	
953	0.1378999	
954	0.1488367	
955	0.1415303	
956	0.1614417	
957	0.1608820	
958	0.1691168	
959	0.1577151	
960	0.1776401	
961	0.1640275	
962	0.1921430	
963	0.2115195	
964	0.1833537	
965	0.2034831	
966	0.2157703	
967	0.2280448	
968	0.2529572	
969	0.2610223	
970	0.2754667	
971	0.2763470	
972	0.2673395	
973	0.2529598	
974	0.2448436	
975	0.2610914	
976	0.2745599	
977	0.2401377	
978	0.2783725	
979	0.2760950	
980	0.2634300	
981	0.2960148	
982	0.3147138	
983	0.3224313	
984	0.2938432	
985	0.3017212	
986	0.3240914	
987	0.3052506	
988	0.3072042	
989	0.3320491	
990	0.3492378	
991	0.3164794	
992	0.3283651	
993	0.3260164	
994	0.3018688	
995	0.3301558	
996	0.3197220	
997	0.3075021	
998	0.3073429	
999	0.3294944	
1000	0.2938725	
